( 1 )
( 0 )
( 0 )
( 1 )
( 6, 8, 5, 10, 6 )
( 0 )
( 2, 1, 1 )
( 0 )
( 10, 3, 10, 2 )
( 1 )
( 0 )
( 0 )
( 0 )
( 0 )
( 6, 7, 2, 6, 7 )
( -2, 3 )
( -33, 56 )
( 1 )
( 22, -5, 45 )
( 0 )
( 1 )
( 0 )
( 1, 1 )
( 0 )
( 10, -1, 6 )
( 0 )
( 1 )
( 0 )
( 0 )
( 7, 3 )
( -61, 18 )
( 0 )
( 0 )
( 0 )
( 0 )
( 0 )
( 0 )
( 0 )
( 1 )
( 1 )
( 0 )
( 222, -91, 490 )
( 0 )
( 9, 0, 4, 4 )
( 0 )
( 62, -20, 9 )
( 2, 12, 9 )
( -9, 2 )
( 5, 6, 5, 10, 1 )
( 0 )
( 0 )
( -17, 30 )
( 0 )
( 0 )
( 1 )
( 0 )
( 0 )
( 1 )
( 52, 3, 9 )
( 409, -77, 147 )
( 2, 9 )
( 0 )
( -11, -6, 12 )
( 0 )
( 0 )
( 2, 5, 6, 1, 5 )
( 7, 5 )
( 3, 2 )
( 0 )
( 3, 10 )
( 1 )
( 0 )
( 0 )
( 0 )
( 0 )
( 0 )
( 1, 4 )
( 3, 2, 1 )
( -2, 4, 3 )
( 0 )
( 1 )
( 0 )
( 2, 3 )
( 0 )
( 17, 45 )
( 1 )
( 9, 4, 3, 1, 4 )
( 0 )
( 1 )
( 1 )
( 0 )
( 1 )
( 1 )
( 0 )
( 1 )
( 53, -10, 52, 8 )
( 0 )
( -6, 7 )
( 1 )
( 0 )
( 0 )
( 0 )
( 0 )
( 0 )
( 0 )
( 3, 3, 5 )
( 9, 3, 5, 4 )
( 0 )
( 1 )
( 0 )
( 1 )
( 1 )
( 7, 6 )
( 1 )
( 6, 6, 1, 10 )
( 0 )
( 1, 7, 2, 6 )
( 1, 3, 6 )
( 0 )
( 7, 1, 8, 3 )
( 1 )
( -13, 6, 18 )
( 0 )
( -607, 516, -225, 270 )
( 3, 1 )
( 0 )
( 59, 91, 245 )
( 1 )
( 0 )
( 0 )
( 53, 90 )
( 0 )
( 1 )
( -10, -15, 21 )
( 0 )
( 2, 1 )
( 0 )
( 13, 40, 75 )
( 0 )
( 1 )
( 6, 1 )
( 1 )
( 0 )
( 1 )
( 0 )
( 0 )
( -3, 7 )
( 1 )
( 1, 1 )
( 9, 5, 7 )
( 0 )
( 1, 6 )
( 1 )
( 0 )
( 1 )
( -19, 10 )
( 0 )
( 0 )
( 0 )
( 0 )
( 26, -7, 2 )
( 9, 8, 5, 3 )
( 79, 6, 90 )
( 233, 90, 162 )
( 5, 9, 1, 1 )
( 0 )
( 0 )
( -5, 1 )
( -117, 70, 50 )
( 33, 56 )
( 1, 1 )
( 0 )
( 0 )
( 1, 8, 5 )
( 0 )
( 9, 6, 8, 5 )
( 0 )
( -1, 5 )
( 1 )
( -1, 12 )
( 1 )
( 1 )
( 0 )
( 0 )
( 9, 6, 3, 5, 10 )
( 1 )
( 0 )
( 1 )
( 1 )
( 0 )
( 0 )
( 0 )
( 0 )
( 73, 45, 81 )
( 1 )
( 5, 3, 3, 1, 8 )
( 1 )
( 1 )
( -3, 1 )
( 7, 4, 5, 1, 10 )
( 1 )
( 8, 10, 9, 10 )
( 0 )
( 1 )
( 0 )
( 0 )
( 1 )
( 29, 40 )
( 0 )
( 3, 2 )
( 1 )
( 1 )
( 1 )
( 0 )
( 0 )
( 0 )
( 1 )
( 0 )
( 0 )
( 0 )
( 0 )
( -93, 70 )
( 0 )
( 0 )
( -69, 112, 196 )
( 1, 3, 7, 10, 6 )
( 0 )
( 267, -45, 7 )
( 1 )
( 163, 185, 200 )
( 0 )
( -11, 6 )
( 52, 115, 175 )
( 0 )
( 1 )
( 7, 4, 1, 4, 4 )
( 0 )
( -17, 40 )
( 0 )
( 1 )
( 1 )
( 0 )
( 1 )
( -1, 14 )
( 2, 4, 6, 7, 10 )
( 1 )
( 2, 2, 6, 5, 5 )
( 10, 6, 9, 7, 2 )
( 0 )
( -75, -4, 8 )
( 0 )
( 0 )
( 1, 2 )
( 1 )
( 0 )
( 0 )
( 1 )
( 2, 5, 1 )
( 1 )
( 4, 10, 9 )
( 17, 6 )
( 1, 10 )
( 0 )
( -121, 15, 45 )
( 0 )
( 1 )
( 0 )
( 1 )
( 1 )
( 0 )
( 0 )
( -13, 6 )
( 1 )
( 4, 7, 3, 1, 6 )
( 1 )
( 10, 1, 9, 2 )
( 0 )
( 0 )
( 0 )
( 0 )
( 1, 4 )
( 0 )
( 1 )
( -31, 20 )
( 0 )
( -19, 180, 405 )
( 5, -1, 3 )
( 1 )
( 0 )
( 8, 6, 6, 2, 3 )
( -153, 110, 175 )
( 0 )
( 1 )
( 0 )
( 3, 18, -12, 32 )
( 0 )
( 0 )
( -181, 616, 192 )
( 0 )
( 1 )
( 0 )
( 1 )
( 0 )
( 9, 1, 6, 6, 1 )
( 1 )
( 1 )
( 7, 30 )
( 1 )
( 0 )
( 0 )
( -11, 18 )
( -23, 10 )
( 21, 20 )
( -9, 2 )
( 2, 5, 3 )
( 0 )
( 10, 10, 9, 4, 2 )
( 0 )
( 0 )
( 1, 8, 4, 2 )
( 19, -6, 30 )
( 1 )
( 1 )
( 1, -2, 6 )
( 8, 3, 5 )
( 1 )
( 4, 1, 4 )
( 1 )
( 1 )
( 1 )
( 0 )
( 1, 1 )
( 1 )
( 1 )
( 0 )
( -11, 12, -2, 5 )
( 0 )
( 1 )
( -65, -117, 810 )
( 557, 170, 825, 125 )
( -1, 3 )
( 1 )
( 1755, 1288, 1216, 4608 )
( -65, -15, 27 )
( 0 )
( 6731, -306, 1863, 5832 )
( 0 )
( 0 )
( 0 )
( 1, 1 )
( -49, 36, 48 )
( 1 )
( 5, 6, 1, 4 )
( 0 )
( -31, 21, 45 )
( 339, 28, 490 )
( 10, 5, 1 )
( 0 )
( 1 )
( 0 )
( 5, 4 )
( 7, -92, 80 )
( 0 )
( 0 )
( 0 )
( 0 )
( 0 )
( 7, 12 )
( 1 )
( 1 )
( 0, 1 )
( 1 )
( 0 )
( 8, 5, 3 )
( 25, -8, 320 )
( 0 )
( -22, 5 )
( 10, 3, 3, 6, 4 )
( 1 )
( 0 )
( 0 )
( 0 )
( 1 )
( 2, 5 )
( 1, 3, 7 )
( 1, 2, 7, 2 )
( 0 )
( 0 )
( 0 )
( 1 )
( 10, 8, 9 )
( 1 )
( 5, 6, 6, 5, 5 )
( 1 )
( 1, 2 )
( 1 )
( 0 )
( 0 )
( 5, 4, 10, 8 )
( 0 )
( 0 )
( 0 )
( 0 )
( 0 )
( 1 )
( 1 )
( -13, 70 )
( 1, 4 )
( -19, 9 )
( 15, 8 )
( 2, 3, 5, 2, 9 )
( 0 )
( 1 )
( -43, 63 )
( 0 )
( 0 )
( 1, 72 )
( 0 )
( 0 )
( 0 )
( 193, 182, 392 )
( 1, 1, 5, 1 )
( 1 )
( 47, 10 )
( 51, 14 )
( -5, 2 )
( 24, 28, 49 )
( 1, 1 )
( 0 )
( 1 )
( -19, 35 )
( 0 )
( 0 )
( 62, 10, 175 )
( 0 )
( 3, 7 )
( 11, 6 )
( 1, 3 )
( -25, 15, -4, 7 )
( 0 )
( 1 )
( 0 )
( 1 )
( 0 )
( 1 )
( 41, 9 )
( 7, 0, 10 )
( 2, 1 )
( 36, -17, 6 )
( 0 )
( 10, 3, 5, 1, 5 )
( 7, 0, 12 )
( 0 )
( 0 )
( 2, 3 )
( -1075, 336, -90, 54 )
( 0 )
( 1 )
( 0 )
( 1, 9, 10, 1 )
( 0 )
( 0 )
( 159, 20, 225 )
( 0 )
( 4, 9 )
( 3, 5 )
( 0 )
( 0 )
( 0 )
( 0 )
( 0 )
( 31, -3, 9 )
( 0 )
( 1 )
( 0 )
( 1 )
( 0 )
( 0 )
( 17, 9 )
( 0 )
( 1 )
( 5, 2 )
( -5, 8 )
( 1 )
( 1, 7 )
( 0 )
( -25, 6 )
( 6, 7, 9, 3 )
( 0 )
( 4, 4, 3 )
( 0 )
( 8, 5 )
( 17, 42 )
( 1 )
( 1 )
( 0 )
( 1, 18 )
( 0 )
( 0 )
( 1, 4, 9, 4, 1 )
( 1 )
( 0 )
( 0 )
( 0 )
( 1 )
( 149, -6, 180 )
( 348, 380, -325, 1125 )
( 0 )
( 4, 5 )
( 0 )
( 1 )
( 9, 5 )
( 3, 2, 8 )
( -131, 60, 90 )
( 10, 7, 2 )
( 1 )
( 0 )
( 0 )
( 1 )
( -4, 35 )
( 4, 5 )
( 0 )
( 4, -1, 1 )
( 0 )
( 1 )
( 39, 8 )
( 9, 10 )
( 0 )
( 0 )
( 0 )
( 4, 4, 7, 3, 1 )
( 0 )
( 0 )
( 1, 10, 3, 1, 9 )
( 0 )
( 5, 9, 3, 3 )
( 0 )
( 229, 84, 144, 270 )
( 0 )
( 4, 1, 3, 1, 4 )
( 0 )
( 0 )
( 1 )
( 3, -1, 1 )
( 9, 6, 4, 7 )
( -2565, 1268, -464, 320 )
( 18, 7 )
( 10, 7, 10, 8, 7 )
( 1 )
( 33, -6, 2 )
( 0 )
( 1 )
( 0 )
( 1 )
( 2, 1 )
( 1 )
( 1 )
( 1 )
( 3, 4, 5 )
( -15, 46, 68, 24 )
( 0 )
( 0 )
( 0 )
( 0 )
( 0 )
( 1 )
( -79, 12, 48 )
( 0 )
( 1, 4, 6, 9 )
( 1 )
( 0 )
( 9, 8 )
( 1 )
( 0 )
( 1 )
( -1514, 980, 150, 125 )
( 10, 9, 1, 10 )
( 0 )
( 0 )
( 1551, 287, 98, 3430 )
( 1 )
( 0 )
( 2, 5, 2, 9, 7 )
( 0 )
( -47, 10 )
( 0 )
( -37, 12 )
( 1 )
( 0 )
( 1, 9 )
( 16, 35 )
( 1 )
( 8, 3, 4, 5, 6 )
( 2, 2, 1 )
( 6, 5, 1, 9, 4 )
( 7, 10 )
( 34, 192, -45, 189 )
( 3, 8 )
( 0 )
( 2, 1, 4, 1, 3 )
( 3, 7 )
( -39, 175, 147 )
( -1, 6 )
( 7, 1 )
( 10, 10, 1, 4 )
( 0 )
( 33, -10, 12 )
( 0 )
( 0 )
( 1 )
( 0 )
( 55, 51, 90 )
( 0 )
( 0 )
( 0 )
( 0 )
( 0 )
( 1 )
( 0 )
( 0 )
( 0 )
( 182, -110, 175 )
( 0 )
( 0 )
( 1 )
( 0 )
( 0 )
( 0 )
( 0 )
( 0 )
( 0 )
( 1, 2 )
( 2, 10, 5, 4, 3 )
( 0 )
( 0 )
( 1 )
( 0 )
( 0 )
( 10, 6, 5, 4, 2 )
( -29, -12, 63 )
( -1, 3 )
( -4, 3 )
( 0 )
( -5, 9 )
( 1 )
( 0 )
( 9, 7 )
( 0 )
( 8, 7 )
( 0 )
( 3, 7 )
( 7, 4, 9, 7, 1 )
( 0 )
( 1 )
( 11, 40 )
( 135, -39, 10 )
( 0 )
( 1, 7, 2, 10, 5 )
( 0 )
( 5, 4 )
( 0 )
( 8, 7, 7, 6, 9 )
( -6, 7 )
( 1 )
( 1514, -679, 1911, 686 )
( 1 )
( 0 )
( 1 )
( 2519, 3339, 1863, 5832 )
( 2, 1 )
( 0 )
( 1 )
( 0 )
( 0 )
( 0 )
( -2419, 8082, -2025, 5103 )
( 4, 1 )
( 0 )
( -3, 10 )
( 62, 15, 72 )
( 0 )
( 1 )
( 27, 56, 49 )
( 0 )
( 0 )
( 5, 4 )
( 0 )
( 9, 1 )
( 1 )
( 0 )
( 0 )
( 0 )
( 7, 6 )
( 7, 5, 9 )
( 1, 5 )
( 1 )
( 0 )
( 1 )
( 1 )
( 0 )
( 7, 20 )
( 0 )
( 0 )
( 0 )
( 5, 1, 3 )
( 6, 3, 4, 10, 7 )
( 1 )
( 0 )
( 1 )
( 221, -180, 648 )
( -7, 3 )
( 0 )
( 1 )
( -1925, 321, -53, 9 )
( 1, 3 )
( 1 )
( 0 )
( 0 )
( 1 )
( 0 )
( -13, 10 )
( 2, 10, 7, 10, 6 )
( 0 )
( 6, 4, 5, 2, 9 )
( 0 )
( -70, 36, -14, 9 )
( -5556, 5810, -1666, 3087 )
( 0 )
( 0 )
( 12, -3, 4, 1 )
( -64, 261, 405 )
( 0 )
( 1 )
( 0 )
( 0 )
( -29, 30 )
( 10, 8, 9 )
( 1 )
( -2, 0, 5 )
( 0 )
( 1 )
( 0 )
( 0 )
( 0 )
( 0 )
( 1, 3 )
( 3, 1, 1 )
( 1 )
( 5, 9 )
( 0 )
( 13, 6, 90 )
( 1 )
( 0 )
( 1 )
( 0 )
( 0 )
( 0 )
( 1, 2 )
( 3, 3, 4, 1 )
( -1412, 2457, 882, 3087 )
( 6, 3, 7, 5, 10 )
( 0 )
( 0 )
( 3, 1 )
( 453, -92, 208, 64 )
( 88, -21, 6 )
( 1 )
( 1 )
( 0 )
( -73, 56 )
( 2, 1 )
( 0 )
( 13, -4, 4 )
( 747, -74, 8 )
( 0 )
( 0 )
( 0 )
( 0, 1 )
( 1, 1 )
( 0 )
( 1 )
( -20, 9, 27 )
( 0 )
( 0 )
( 0 )
( 1 )
( 1, 2, 9 )
( 17, 20 )
( 0 )
( -641, 2488, -1088, 3584 )
( 8, 1 )
( 0 )
( 1, 9, 2, 9 )
( 1 )
( 509, 145, -25, 500 )
( 0 )
( 0 )
( -5, 2 )
( 9, 10, 10, 7, 4 )
( 6, 1 )
( 0 )
( 1 )
( 1, 5, 4 )
( 2, 5, 3, 7, 4 )
( 5, 1 )
( -5, 30, 9 )
( 1, 2 )
( 1, 3 )
( 1 )
( 8, 3, 6, 1, 5 )
( 92, -9, 1 )
( 0 )
( 3, 7, 9, 8 )
( 1 )
( 0 )
( 9, 4, 9, 5, 10 )
( 3837, 2072, 3904, 1536 )
( 1 )
( 0 )
( 0 )
( 1 )
( 232, 30, 75, 125 )
( 6, 1 )
( -1, 9 )
( 1 )
( 0 )
( 1, 1 )
( 4, 5 )
( 7, 2, 1, 7 )
( 1 )
( 0 )
( 0 )
( 1 )
( 0, 1 )
( 1 )
( 1 )
( 1 )
( 5, 9, 10 )
( 13, -4, 9 )
( 199, 441, 567 )
( 0 )
( 0 )
( -8, 3 )
( 1, 2 )
( 5, 9, 5, 6 )
( 0 )
( 0 )
( 0 )
( 372, 160, 425, 250 )
( 1 )
( 0 )
( 0 )
( 1 )
( -7, 4 )
( 0 )
( 0 )
( -5, 4 )
( 8, 6, 7 )
( -7, 6 )
( 9, 8, 8, 7 )
( 1423, 3590, 4700, 1000 )
( 0 )
( -16, 35 )
( -53, 30, 63 )
( 7, 2 )
( -1, 15, 25 )
( 0 )
( -1, 1 )
( 137, -20, 80 )
( 1 )
( 1, 7, 7 )
( 0 )
( 0 )
( 0 )
( 2, 3 )
( 1, 0, 8 )
( 61, -65, 50 )
( 0 )
( 0 )
( 1 )
( 0 )
( 1, 4, 7, 6, 1 )
( -45, 26, -9, 8 )
( 5, 1, 1, 3, 4 )
( 1 )
( 10, 9, 3 )
( 0 )
( 0 )
( 1 )
( 8, 7, 10, 9, 4 )
( 0 )
( 1 )
( 1 )
( 2, 2, 1 )
( 1 )
( 0 )
( 1 )
( 1 )
( 2, -12, 45 )
( 332, 8946, -4941, 7290 )
( 0 )
( 26, -6, 27 )
( 7, 555, 75, 500 )
( 0 )
( 1, 4 )
( 497, 24, 64, 512 )
( 0 )
( 6, 5 )
( 0 )
( 0 )
( 0 )
( 3, 8, 1, 2, 7 )
( 0 )
( 1, 5 )
( 0 )
( -1073, 154, -21, 4 )
( 81, -40, 50 )
( 0 )
( 0 )
( -9, 2 )
( 9, 5, 7, 6 )
( 1, 24 )
( 1 )
( 25, 18 )
( 9, 6, 8, 1, 8 )
( 0 )
( 1 )
( 0 )
( 0 )
( 7, 2, 3, 1, 10 )
( 4, 2, 7, 2 )
( 1 )
( 0 )
( 0 )
( 9, 6, 5 )
( 0 )
( 2, 3, 8 )
( 2, 3, 1 )
( 9, 10 )
( 7, 3, 4, 10, 1 )
( 0 )
( 0 )
( 1, 7, 4 )
( 17, 30, 18, 54 )
( 0 )
( 8, 15 )
( 2, 3 )
( 13, 24 )
( 1 )
( 572, -369, 405 )
( 1 )
( 1 )
( 0 )
( 1, 5, 3 )
( 825, -152, 1088, 512 )
( 1 )
( 1 )
( 2, 8, 3, 1, 9 )
( 1 )
( 1 )
( 0 )
( 2, 7, 8, 4 )
( 10, 8, 4, 3, 4 )
( 0 )
( 163, 102, 144 )
( 3, 1 )
( 2, 1 )
( 0 )
( -3, 10 )
( 0 )
( 1 )
( 0 )
( -7, 2 )
( 0 )
( 1 )
( 1 )
( 4, 8, 2, 5 )
( 0 )
( 0 )
( 0 )
( 8, 1 )
( 0 )
( 53, 24 )
( 1 )
( 5, 4 )
( 0 )
( -5, 9 )
( -1, 2 )
( -13, 4 )
( 0 )
( 1 )
( 1, 8 )
( -13, 20 )
( 5, 10, 7 )
( 0 )
( 1 )
( 259, -6, 252 )
( 1 )
( 0 )
( 4, 8, 6, 3 )